01101011001001010100001000000010100011111110010010101011100110110110100100101000100001101010110110110101111000110100101001011001000100101111101110000111000101111100010111001100100111000000111101110001111001000100010111010001110100111111011000010110111110010010011110001110000111000001000100001010010100111010110010111000011011110110001001100011110011101011001111010111100111100111011000100101000100010110100011010111110000010111100011111010100001010011100100101111101110011100001010101011010001111100,76590604.032
01111010010101101011101100000101010111010010010001001010101101011001110010001001100101101010100011110111111001101000000000110011000110100111011001111111010100100101110000000001111110100000001000000100011111000000010101110001111101010100001000001101010010010110011100101010001111001101010100011101111000001101110010000101011010001111100011010111101001110101101000000011101010100001010001010111101101011101101100110010110010010011110001010001100100011011100001001101001110101110011111000001010100111000,75779006.016
01101011001001010100001100000000100011111110010010101010100110110110100100101100100001101010110110110101111000110100101001011000000100101111101110000111110101111100010111001100000101000000111101110000111011000100010111010001110100111111011000010110110110010010011110001010000111000001000101001010010100110010110010111000011011110110001101100011110011101011001111010111100101100111011001100101000100010110100011010101100000010111100011111010101101010011100100101111101110011110001010101011010001111000,72023749.632
01111010010001101011101100000101010111010010011001001010101101011001110010001001100101101010100011110101111001101000000000110011000110100111011001111111010100100101110000000101110111100000001000100100011111000000010101110001111001010100001100001101010010010110011100100010001111001101010110011101111000000101110110000101011011001011100011010111101001110101101000000011101010100001010001010011101101011101101100110010110011010011110001010000100100011011100001001101001110101110011111000000110100111000,65550010.848
01101011001001010100111100000000100011111110010010101010100110110100100100101110110001101010110111110101111000110100101011011000000100100111101110000111110101111100010110001100000101000000111001100000111001000100010111110001110100110111010100010110110110010010011100001010000111000101000101001110010110110010111010111001011011110110011101100011110011101111001111011111100101100111011001100101000100110110100011010111100000010111000011111010101101010011100100101111101100011110001010101011010001111000,64062317.6
01101011001001010100111100000000100010111110010010101010100110110100100100101110110001101110110111110101111000110100101011011000000100100111101010000110110101110100001110001100000101000100011001100000111001001100010111110001110100110111010100010110110110010010011100001010000111000101000101001110010110110011111011111001011011110110011101100011110111101111001111011111100101100111011001100101000100110110100011010111100010010111000011111010101101010011101100101111001100011110000010101111000001110000,62822260.928
10010010001001010100110000100010100000110110011101101010111011110000101101101010110001100110011111110101001110010110100001011011001010000111010000110010100111100000011011001001100010001000010010100000000001001000101001010100100000101011001000111111001100010010101100001010100111111011100001000111010001010010101100101000101010000110100100000000001010000101101010011011111010100111110001100000010100100110010011011011111100001101101000010100011001111110100001101100100111100011110100101101111101100101,54016551.52
10000011010101110011101110100110001111000010011110001110100110011110010001101010011011110011101001010000011111001001111110110100100101110100111011011011000110011011011111001001100110101000101111000101111000000001000001000011010101100001110001100111011010010010001110110000111110101001000000011111111101111000110010010001001011000111111101110100111001000101010100000010100111111111001001001001001011000101101010000000110101100000011101001011000010110110001011100111000010001001110010001101010011001000,2.30146016693
10010011010101110011101110100110001111000010011110001110100110011110010001101010011011110011101001010000011110001001111110110100100111110100011011011011001110111011011111001001100110101000101111000101111000000001000001000011110101100001111001100111011010010010001110110000111110001001000000011011111100111000110010010001000011000111111101110100111001000101010100000010100111111111000001001001101011000001101110000000110101100000011100001011000011110111001011100111000010001001110010000101010011001000,2.3006106987
10000011010001110011101110100110001111000010011110011110100110011110010101101010001011110011101001010000011111001001111110110100100100110100111011011011000110011001011011001001100110101000101011000101111000000001001001000011010101110001110001100111011010110010001110110000111110000011000000011111111101101000110010000001011011000011111100110100111001000100010100000010100111111111101001001001001011000101101010000000110101100000011101001011000010110110001011100111000010001001111010001101010011001000,2.3004472599
10000011110001101011001010100110001111000001111110111110100110011010010101101011011010111101101000000000011101001000010110101100110000110100010001110010000110011001011001000011100100101001111011010101101000000001011101000011011101110001100011000110110100101000000110110000111110001001101000011101111011101000110000000001100011100101110000110101110000000110011001000010000101111100101101001101000011010001001010000000100101100000101001001001110010101110001011110111010110011001101011001100000000111001,2.08454237747
10000011110001101011111010100110001111000001111110011110100110011110010101101011011010111011101000000000011101001000010110101100110000110100010011111010000110011001011011000011100100101001111011010101101110000001001101000011010101110001100011000110110100011000000110110000111110001001100000011101111011101000110000000001100011100101110100110100110001000110011001000010000101111100101001001101000011010001001010000000110101100000101000001001110010101110001011110111010110011001101011001100000010111001,2.00027624702
10000011010001101011111010100110001111000001111110111110100110011110010101101011011010110011101000000000011101001000011110100100110000110100010011111010000110011001011011000011100100101000101011010101101110000001001001000011010101110001100011000110110010011010000110110000111110001001100000011101111111101000110000000001100011100001110000110100110001000110011001000010000101111110101001001001000011010001101010000000110101100000101000001001110010101111001011100111010110011001111010001100000011111001,1.45622746181
01111010010001101011101100000101010011010010011001101000101101011001110111001001100111101010100011110101111001101000001100110011000110100111011001111111010100100111110000110101110111100000001000110000011111000000010101110001111001010100001100000101010010010110011100001010001111001100010110011101101000000100110110000101011011001011100011010111101001110101101000000010101010100001010001010011101100111111101100110010110011010111110001010000100100011111100001001111001110101110011111000000110100111000,0.919300575733
01111010000001101011101100000101000011010010011001101000111111011001110111001001100111101010100011110101111001101000001100110011000100110011001001111111010100100111110000110101110111100000001000110000011111100000010111110001111101010100001000000101010000010110001100001010001111001100010110011101101010100100110110000101011011001011100001010110101001110101100000000110101010100001011001010011101100111111101100110010111011010111110001010000100100011111100001001111001110101110011111000000110100111000,0.914010984421
01100110001000010100111000100110100100110110101101100000101010110001101101101011110000101110101111100001001010010010101000001011001011000110010110010111110111001100010011111001110010001010000010100000000001101000111001100100110000111001001000111100001000101000110100001011100111011011101010010111010001010000011100101110101010000111110100000100001010110001111110001011011110100111110101100100001000100110000011111001011101001101101001010101011110100010110101011101100101101011110110101101111011110001,0.092161737442
11010010001001010100110000100010100000110010111101100000111011110001101101101010110001101100011111100001001110010110100001011011001011000110010000010010100111100000011011101001100110011010010010100000000001001000101001010100100000111011001000111111001100111010111100001010100111011011111111000111000001010000101100101000101010000110110110000000001010000101011110011011111010100111110001100000010000100110000011011011111101001101101000010101011010111010100001101101100101101011110100101101111111100101,0.0909512482285
11010010001001010100110000100010100000110010011101100000111011110001101101101010110001100110011111100001001110010110100001011011001010000110010000110010100111100000011011001001100010011000010010100000000001001000101001010100100000111011001000111111001100010010101100001010100111111011110001000111000001010000101100101000101010000110100100000000001010000101011010011011111010100111110001100000010000100110010011011011111101001101101000010100011011111010100001101101100111100010110100101101111111100101,0.090911621809
00000100001110101100100011011101001011011001001111010111100011101100100101111100110101010000101100110000111000011110101111010001111010111010010010001111010001000010101000011111010010101001100011011111001100101000111110000011111010110000011110111001001100011010000011010101011001111110100101010010100000100000010011100110000101010101010010000000111111010100010110000011000011100111011000010000011010000101001110001101111111101010100011010000010010001111011010001101000100001000011011111001001010101000,0.0844985444546
00000100001111101100100011011101001011011001001111010111100011101100100111111100110101010000101100110000111100011010101111010001111010111010010010001110010001000000101001011111000010111001100011011111001100101100111110100011111010110001011110111001001100111010000011010101011000111110100101010011100000100000010011100110000100001101010010000110111111010100010110000011000010100110011000010000011010000101001110001101111111101010100011010000010010001111011010001101000100001000011011110001011010101100,0.0821698261499
00110000001110101100100011011001001011011001101111010111101011101100101111111100110101010000101101110000111101011010101111100001111011111010001010001110010001000000101001010111000000111001100011111111100100101100101110100011111010101001010110111001001100111010000011010101011000111111100101010011100000100000010011100110000100000101010010000110011111010100011111010011000010100110011100010100011010000101001110101101111111100010100011011000110011001111011010001001100100001000011011110001011010101100,0.0585781418085
00110000001110101100101011011101001011011001001111010111100011101100101111111100110101010000101100110000111101011010101111000001111010111010000010001110010001000000101001011111000000111001100011111111001100101100101110100011111010111001011110111001001100111010000011010101011000111111100101010011100000100000010011100110000100000101010010000110011111010100011111000011000010100110011100010100011010000101001110101101111111100010100011011000110011001111011010001001100100001000011011110001011010101100,0.0508173668385
10010011010101110001101110100110000111000010011110001110100110011110010001101010011001110011101001010010011110001001111110110100100111110100011011011111001110001011010111001001100010101000101110000111111100001001000100000011111111100001111000100111011010010010101110110000101110001001000000011011111100111000110010010001000001000111111111110100111101000101110100000011100111111111000000001001101011000001101110000000110101100000011100011111000011110111001011110111000010001001110010000101010011001000,0.0433593850732
