10011000100000111001110101101010011011000100011101010010100001100010111100011101101101001100111000100100010101110111010000111010001001011101001001010101000000001111100001111010101011011001100000110110010000111110111001011100010001110110110101110111011110010001100100110110001100010011011111001111010011000110100000001100111111110111101101001100101110001001101011110110110100111001001001010110110010000001001000110011000101010001011110111100101010010101000000011101010001001110011101000000000111001001,32981718.7605
11011000100000111001111101101001111011000100011000011110010001100010111100100101100101001101110101111110010101111111111000111110000001011010001000010101000111111111111001011011101011011000100100100110010101111110111001010110010011110111100101100111110110101000010001000101111111101010111110101011101110011100011101100111101001101110111011001011010010111000000101111110011010111101100111101101101110101011100000101010001010001001010110000011001100101000000110111010111011011000100001100100100000110100,2.30258509299
11011000100000111001111101101001111011000100011000011110010001000010111100100101100101001101100101110110010101111111111010111110000001011010001000010101000101111101111001011011101011011000100100100110010101111110111001010110010011110111100101100111110111011001111011011001111100101111011110010101110101111111011110000110001001000101110011111110110001100100010000111000000000110111010000110011110011110111111000000101011000000100001100000110101000101010010001110010000000001001110001100111100010010011,2.30258509299
10110111100110101011101011011011101000110010100000000010111010111110111000101111100000010011010010101000110101110110100100010010111001000100010011001110110001001110000110010001000111100010100011001110011001010000000100000110000100000101010110110100001001011011101010111100101111010101110011111110110001101100100100001100110110110111110000101011111111010010000110100000100101011101000111011101110101010100000000100011001001100001011010011101110101101000000001111111100100111001010101010001001101001101,0.950049013085
10110111100110101010101011011011101000100010100000000010111010111110101000101111100000010011011011101000110101110110100100010011111001000100010011001110110001001110000110010000010111100011100011001010011101010000000100000110000100000101010110110100001001011011101010111100101111010101110011111110110001101100100100001100110110110111110000101011111111010010000110100000100101011100000111011101110101010100000000100011001001100001011000001101110101101000000001111111100100111000010101010001001101001111,0.949949534654
10100011110000001000101011011001101010100010100000001011011110111110111000000111100100010011011011100000110101110110001100010001101001100100010011001110110001001110000110000001010111110011100001001010001101000000001100000110010100000101000010110100001001011011101011101100101100010001010011111110110001101100001100000000110110110111110000001011111111010011000110100000100111011110000111011101110100000100000100000111001001100001011000101101110101101000000001111101100100111000011101010001001100011010,0.94433778908
01011010100100100100001010100111001010110010111001101110110111011010000010110010011010010100010010001110100111101101111010011010001111010001100110111100010111000101001110011100001100100101011001001011000011011010011010101011011001010010010101100010011111011011101000110100101100000111011011101100010001000110100000001100110111110110100001101101001110011000101011110000110101011101001001110100100010101000100100100011001001010001011000111100111110100101001000011111000101000100011101100000001111001110,0.944292206406
10100111110110001010101011011011101010100010100000001010011110111110010000101111100100010011011011000000110111110110100100010011101001101100110001101110110001001110000110010000010111110011100011001010001101000000011110000110010100000101000010100100001001111011101011111100101111010001010011111110111001101100100100000100100110100111110000101011110111010011010110100000100101011110000111011101110000000100000100100011001101100001011000001101010101101000000001111111110100111000011101010001001100001110,0.942953201534
10110111110110001010101011011011101000100010100000001010011010111110101000101111100100010001011011101000110101110110100100010011111001100100010011001110110001001110000110010000010111110011100011001010011101010000001100000110000100000101010010110100001001011011101011111110111111010101010011111111110001000100010101010101010010110010010000101101111110010110000110101100100101101110000011011101010100011101000100100111001101001001011000001100010011011000001001101011100101111100011100010000100101100111,0.942603901824
10100111110110001010101011011011101000100010100000001011011110111110111000101111100100010011011011100000110101110110101100010011101001100100010011001110110001001110000110010000010111110011100011001010001101000000001100000110010100000101000010110100001001011011101011111100101111010001010011111110110001101100100100000100110110100111110000101011111011010011000110100000100101011110000111011101110000000100000100100011001101100001011000001101010101101000000001111111100100111000011101010001001101011110,0.942539598622
10100111110110101010101011011001101000100010100000001011011110111110111000101111100010010011011011100000110101110110101100010011101001110100010011001110110001001110000110010000000111110011100011001010001101000100001100001110010100000101000110110100001001011011101111110100101111010001000011111100110001101100100100000100110110100111101000101011111011010011000110110000100100011110100111011001110000100100000100100011001001100001011000001101010011101000000001111111100100111000011101010001001101011110,0.942033262718
10100111010110001010101011011011101000100010100000011011011110011110111000101110100100010011011011100000110101110110101100000011101001100100010011001110110001001110000110010000010111110011111011001010001101000001001100000110010100000101000010110100001001111011111011111100101111010101010011110110110001101100100100000100110110100111111000101011111011010010000110100000110101011110000111111001110000000100000100100011001101100001011010001000010101101100000001111111100100111000011101010001001101011110,0.939144457636
10100011011110001010101011011011101000100010100000011011011010011010111000101110100100010011011011100000110101110110101100000011101001100100010011001110110001001110000110110000010111110011111011001010001101000001011100000110010100000101000010110100001101001011101011111110111111110101010011111111111001000100010101010101000011110010010000101101111010010110000111101100101101111110000011111101010111011100000100100110001111011001011000001100010011010000001101101011100101101100011100110010100001000111,0.939098453687
10100111010100001010101011011011101000110010100000011011011110011110111000101111100100010010011111000000110101110110101100000001101001100000010011001110110001001110000110010000010101110011111001011010101101000001101100100110000101000101000010110100001001011011101110110100101111010001000011111100110001100100100100001100111111101111101000101011111011010011000110110000100100011110100111011001110000100100000100100011001001100001011000001101010001101000000001111111000100110000011101010001001101011110,0.939024750185
11110111110110001010101011011011101000100010100000011010010010111110111000101111100100010001011011101000110101110100100100010011111000110100010011001110110001001100000110010000010111100011100011001010011101010000001100000110000100000101010010110100001001001011101011111110111111010101010011111111111001000100010101010101010010110010010000101101111110010110000111101100100101111110000011011101010111011100000100100110001101011001011000001100010011010001001001101011100101101100011100010000100101000111,0.938843372407
11110111110110001010101011011001101000000010100000011010010010111110111000101111100000000001011011101000110111110100100100011011111000110100010011001110110001001101000110010000010011100011100011001010011101010000001101000110000110000101000010110100001001001011101011011100011111010101010011110111011001000100010101010101010010110010010000101101111110010010000111101100100101111110010011101101010110011100000100100110001101011001011000001100010111010001001001101011000111101100011100010000100101000111,0.938603732667
10100111100111101010101011011011101000100001100000000010111010111110101000101111000000010011111011111010110101111110100100010011011001000100010011000110100001001110000110010000010111000011100010000010001101000000000100000110000100000101011110111100001001011111101011111110111111010101010011110111110001000110010101010101010010110010010001001100110110010110000111101100100101101110000011011001010100011101000100100111001101001001011000000000010011011000001101101001100101111100011100011000100101100111,0.9320771163
00011000100000111011111101101010011011100100011001011110000001100010111100010001111101101100101101110100010101110111101000111010001011001011011001010101010000101111100001111010101011011010100100100110010000111110111001011100011011110110100101110111000110011011101000110000001101101111001011101101010001100110100000001100110111110101100001001101111110011111111011111000110101011001000000110010101000100001101100010011001101000001001010011000011110100101000000111111010101000100011101100010010111001110,0.929022876606
10100111110110101010111011011001101000100010100000000011011110011110111000101111100010010011011011101001110101110100101100010011100011110100010011000110110001001110000110010000001111110011100011001010001101000100001100011100010100000101000110110100001001111001111011111100101110010101010011110110110001101100100100000101110110100110111000101011110011010010000110100000110101011110000111111001110000000100000000110011001101100000011010101000010101101100000001111111100100101000011101010001001101001110,0.927963387583
10110111010110001011101011011011101000100000000000011010011110011110111001101110100100010011011011101000110101111110101100000011101001100100010011001110110000001110000110110000010111111011111011001010001101000001001100000110010100000101000010010100101001111010111011111100101111010101010011110110110001101100100100000100110110100111110000101011111011011010000110110000110101011111000111111001110000000100000100100011001001100001011010001000010101101100000101111111100100111000011101010001001001011110,0.900003611547
00011111101110001011101101101010000101000000110011000010101000111110011000101111100011000011011011111001100100011110000100100110100011010100010001001111110011100111000110000000001100101101100011111000011101010000000100000000000110100100000111110101001010001111101000010000001101101110101011100111110001100110110000001100110111010001100100001111011111001111110011110110000101011111110000111010000000100000101111011011011101000001011000101000011110000101101101110110010001000000011110101010010111001010,0.15938552375
10001110100110101011100111101010000101100000110100000000100000110110101000011011100011000111011001111001000100111100010100110110100101011100110001001111100000101110000110000000001010101111100011011001001101011000000100100000100110100101000011010010001111011011101000110101101100000111111011011100010001000110110000001100110011110010100000101111011110011010001111100000110101011111010101110100100010000000000000100111001001010001111100001100111010100001001000011111000100000100011101110000001101011110,0.120947607947
00101110100100101000110110011110000101110000100100000000101100100100111110011011100010000011011111111001100000111100010100101110100001010100110001001010111000100110000011000000000010101011100011001001001101010100000110001000001111110101000011110000001110010001100000110111001100010011011111000111110010001100100000001101111111110111111001000100101111011001101011111100110101110001001101011111000110001001001010110011000001110011011110111001111001010100000000011010011001001110010101110100000011101000,0.101165153222
00101110100100101000110110011110000101110000100100000000101100100100111110011011100010000011011111111001100000111100010100101110100001010100110001001010111000100110000011000000000010101011100011001001001101010100000110001000001111110101000011110000001011111011101000111101101101010111111011111100010001000100100000001100110011110000100000100101011110011010101111101000100101011011011110100100100110010000001000100001001001010001011100101110111010101101001000101111100101000100111101110001001001001110,0.101118462824
00111011100110101011100101010010000101000100110001010010101000100110011010101111100011000011111010111011100100010110000100100110100011110100010001001011110011101110101100010100001100101111101001111010011101010100000000000110000010000100100101110100001011011011101000110001101101110110101010011101010001000000100000001100110011110000110010101100011010011010101001111000110101011011010111110100110111010000001100110011001001010000111100100010101010101001101101100111100100000100111001110001001101011110,0.0946585424737
00001110100110001001110011100011000101110000111100000000101001100100101001001011000010101011001001010001100100111000100100100110100110010010101001001101011101100000110110001000010000001111110001011001000100110101001100001000000110100111001010100000000111011001101011011000111100101011011110010100111101111111011010000110001001000101110011110110110001110101011000101000000000110111010000110011110011110111111000011101011100010100001100000111001000101010110101110010000000011000110101100011100010010011,0.0934283755576
00001110100110001001001011100010000101110000111100000000101001100110101000001011100010000011001001110001100100111000100100110110100110010010101001001111011100100000100110000000010000001111110001011001000100110101001100001000000110100111001011100000000111011001101011011001111100101011011110010101111101111111011010000110001001000101110011111110110001110101011000101000000000110111010000110011110011110111111000001101011000010100001100000111101000101010010101110010000000001001110101100111100010010011,0.0933826669328
00001110100110001001001011100010000101110000111100000000101001100110101000001011100010000011001001110001100100111000100100110110100110010010101001001111011100100000100110000000010000001111110001011001000100110101001100001000000110100111001011100000001110011011101001110100101100000111011011101100010001000110100000001100110111110110100001101101001110011001101011010010110101011101001001110010100010101001100100110011001001010001011000111100111110100101001000011111010101000100011101100000000111001110,0.0928589608613
00001110100010001001001011100010000101110000111100000000101001100100101000001111100010000011001001110001100100111000100101110110100110010010101001001101011100100000100110000000010000001111110001011001000100110101001100001000000110100111001011100000000111001001101011011001111100101011011110010101111101111111011010000110001001000111110011111110110001110101011000101000000000110111010000110011110011110111111000001101010010010100001100000111101000101010010101111010000101001001110101100111000010010001,0.0888536000542
00101110100111001001000011100011000101110000111100000000101001100110101000001001100000000011001001111101100100111000100100110110100100010100111001001111111100100000100000000000010000100111101001011001001101010101001100001000000110100101000011110001001010011001101010110100001101001111011011101101010001100110100000001100110111110100100000001001101110011011101011011010111101011101000000110010101010100001101100110011001011000001010000111000011111100111001100011111010101010100011101110000000111001110,0.0555021987186
00101110100111001001000011100010000101110000111100000000101001100110101000001011100010000011001001111101100100111000100100110110100100010100111001001111111100100000100010000000010010100111101001011001001101010101001100001000000110100111000011110000001110011011101001110100101101011111011011101100010001000110100000001100110111110100100001001101101110011011101011011011110101011101100000110010100010101000100100110011001001010001011000111100111110000101001000011111010111000100011001100000000001001010,0.0552000368166
00001110100111001001001011100000001101110000111100000010101101101110001000001011100010001011001001111001100100111000100100110110100110010010101001001111001100110000100110000000010000001111110001011000000100110101001100001000000110100111011011100000001010011011101001110100101100000111011011101000010001000110100000001100110101111110110000101101001110011001101011000010110101011100001001110010100010101001110100110011001001010001011000111101101110100001001000011111110101000100011100100000000111001110,0.0513230974851
00001100000110001000001011100010000101110000111000000000101001100110111010001011100000000011001001100001100100111000101101111100100110010010101001001111011000101001100110000010110000101111111001011000000100110101100100001000000110100111011001000000000110011001011001111001001100101001011100011101111101101111011010000111101001000100110011111110110001110001011100101000000000110111010010111010100011110111111000001101010000010110001000000111101000001010010001110010100000001001110101100111100010010001,0.0449903680585
00001100000110001000001011100010000101110000111100000000101001100110101010001011100010000011001001100001100100111000101101111110100110010010101001001111011100101001100110000000010000101111110001011000000100110101001100001000000110100111011001000000000111011001001001011001011100101001011110010101111101111111011010000110101001000100110011111110110001110101011000101000000000110111010000111011110011110111111000011101010000010100001100000111101000101010010001110010100000001001110101100111100010010001,0.0447973156863
00001100000111001000001011100010000101110000111001000010101001100110101010001111100010000001101001100001100100111000101101111110100110010010101001001111111100101001100110000000010000101111110011001000000000110101001110001000001110100111001001000000001000011011101001110100101101001111011011101100010001000110100000001110110110110100100001011101101011011001101011001010010001011011101000110010100010101001101101111111101001010001011010111000111110100111001000011111010101000100011101000000000111101010,0.0432473741105
10001010110100101011100111101010000111100001000100010001000000101111000011000001111011011011011001111001100100111100000000100110000001111110010101000111110000011011001110000000001010101110010001111001101100001000010100000001001110110100000011111000101001011011101010111111101111010111110011111100110001000100000101001100110010110010110000101101111110110110101010001000100101011110000111100101110000010000000010100011010001000011110000001110110010101001101100001111100101001000011100010001000101101111,0.0386931548092
00101110100100101000110010011110001101110000100100000000101101100100111110011011100010000011011111111001100110111100010100111110100011010010011001001010111000100100000011010010000010101011100011001001001101010100100110001000001111110100000011110000001110010001100000110111011100010011011111000111110010001100100100001101111111110111111001000100101111011000100011101100110101110001001101011111000100001001001010110011000000010011011110111001011001010100000000011110011001001101010111110100100011101000,0.0323931931798
11111111110110001010101011011011100000110000100000010000010010111110111000101111100000010001011011101000110101110100100100010011111000110100110011001110110101001100001011010000010111100011100011001010011101011100001100000110000000000101010000110100001001110111111011111100101101010101010011110110110001101100100100000100110110100111111000101011111011101010000110100000110101011110000111111001111000000100001100100011001111100001011010001000011101101100000001111111100100111000011111010001001101111110,0.0243109151452
